datasets/CARPK_devkit/data/Images/20160331_NTU_00001.png 4 1019 521 1129 571 1013 583 1120 634 1007 640 1112 693 1006 694 1119 719 
datasets/CARPK_devkit/data/Images/20160331_NTU_00002.png 4 1023 524 1131 570 1012 580 1121 634 1005 640 1114 693 1008 693 1118 719 
datasets/CARPK_devkit/data/Images/20160331_NTU_00003.png 4 1025 525 1134 571 1017 586 1123 638 1012 641 1115 695 1008 694 1121 719 
datasets/CARPK_devkit/data/Images/20160331_NTU_00004.png 4 1021 524 1130 570 1016 581 1126 636 1012 639 1116 691 1009 695 1122 719 
datasets/CARPK_devkit/data/Images/20160331_NTU_00005.png 3 1019 572 1126 620 1014 631 1123 685 1006 689 1112 719 
datasets/CARPK_devkit/data/Images/20160331_NTU_00006.png 1 1023 678 1130 719 
datasets/CARPK_devkit/data/Images/20160331_NTU_00007.png 2 754 57 865 117 791 2 892 74 
datasets/CARPK_devkit/data/Images/20161225_TPZ_00198.png 4 101 591 188 629 276 699 361 719 104 642 182 682 94 683 180 719 
datasets/CARPK_devkit/data/Images/20161225_TPZ_00199.png 4 286 711 365 719 99 700 182 719 102 663 183 700 99 611 186 650 
datasets/CARPK_devkit/data/Images/20161225_TPZ_00200.png 6 304 696 380 719 292 653 375 689 116 550 202 585 120 602 197 636 113 639 196 678 110 681 195 719 
datasets/CARPK_devkit/data/Images/20161225_TPZ_00201.png 6 308 696 384 719 296 653 379 689 124 602 201 636 117 639 200 678 114 681 199 719 122 552 206 586 
datasets/CARPK_devkit/data/Images/20161225_TPZ_00202.png 6 307 699 383 719 295 656 378 692 123 605 200 639 116 642 199 681 113 684 198 719 121 555 205 589 
datasets/CARPK_devkit/data/Images/20161225_TPZ_00203.png 6 296 650 379 686 124 599 201 633 117 636 200 675 122 549 206 583 116 675 202 715 308 694 383 719 
